18.397400432900433, -0.727580808080808, 9.369945408494603
16.2568959560126, -0.6889178521059968, 8.66562157520892
14.148690676085721, -1.0529372130868875, 8.045881488095235
12.185362907948132, -1.897563493687123, 7.662940540466788
10.534103900152083, -3.251642759859009, 7.636912868897738
9.35235753205289, -5.030680005402732, 8.11442603617123
8.688890932228668, -7.063103972298206, 9.035742542892313
8.479703188703871, -9.193001804719277, 9.25536473233585
8.627029581529582, -11.329472582972583, 0
11.378397007023334, -31.139318046527617, 0
endData
20
200
50
18.397400432900433, -0.727580808080808, 12.160993506493506, -0.10394011544011544, 7.587628427128427, -3.8457842712842725, 8.627029581529582, -11.329472582972583
